sgpt103.log    1        -10.0      0.000      0.000
sgpt100.log    1         -9.9      0.000      0.000
sgpt96.log    1         -9.8      0.000      0.000
sgpt104.log    1         -9.7      0.000      0.000
sgpt99.log    1         -9.7      0.000      0.000
sgpt12.log    1         -9.5      0.000      0.000
sgpt101.log    1         -9.3      0.000      0.000
sgpt60.log    1         -9.3      0.000      0.000
sgpt84.log    1         -9.3      0.000      0.000
sgpt125.log    1         -9.2      0.000      0.000
sgpt42.log    1         -9.2      0.000      0.000
sgpt52.log    1         -9.2      0.000      0.000
sgpt54.log    1         -9.2      0.000      0.000
sgpt110.log    1         -9.1      0.000      0.000
sgpt119.log    1         -9.1      0.000      0.000
sgpt126.log    1         -9.1      0.000      0.000
sgpt13.log    1         -9.1      0.000      0.000
sgpt111.log    1         -9.0      0.000      0.000
sgpt114.log    1         -9.0      0.000      0.000
sgpt115.log    1         -9.0      0.000      0.000
sgpt15.log    1         -9.0      0.000      0.000
sgpt33.log    1         -9.0      0.000      0.000
sgpt40.log    1         -9.0      0.000      0.000
sgpt44.log    1         -9.0      0.000      0.000
sgpt95.log    1         -9.0      0.000      0.000
sgpt97.log    1         -9.0      0.000      0.000
sgpt102.log    1         -8.9      0.000      0.000
sgpt116.log    1         -8.9      0.000      0.000
sgpt30.log    1         -8.9      0.000      0.000
sgpt64.log    1         -8.9      0.000      0.000
sgpt85.log    1         -8.9      0.000      0.000
sgpt105.log    1         -8.8      0.000      0.000
sgpt107.log    1         -8.8      0.000      0.000
sgpt122.log    1         -8.8      0.000      0.000
sgpt18.log    1         -8.8      0.000      0.000
sgpt43.log    1         -8.8      0.000      0.000
sgpt46.log    1         -8.8      0.000      0.000
sgpt83.log    1         -8.8      0.000      0.000
sgpt90.log    1         -8.8      0.000      0.000
sgpt117.log    1         -8.7      0.000      0.000
sgpt16.log    1         -8.7      0.000      0.000
sgpt24.log    1         -8.7      0.000      0.000
sgpt31.log    1         -8.7      0.000      0.000
sgpt7.log    1         -8.7      0.000      0.000
sgpt86.log    1         -8.7      0.000      0.000
sgpt93.log    1         -8.7      0.000      0.000
sgpt94.log    1         -8.7      0.000      0.000
sgpt98.log    1         -8.7      0.000      0.000
sgpt1.log    1         -8.6      0.000      0.000
sgpt32.log    1         -8.6      0.000      0.000
sgpt35.log    1         -8.6      0.000      0.000
sgpt49.log    1         -8.6      0.000      0.000
sgpt51.log    1         -8.6      0.000      0.000
sgpt56.log    1         -8.6      0.000      0.000
sgpt10.log    1         -8.5      0.000      0.000
sgpt121.log    1         -8.5      0.000      0.000
sgpt123.log    1         -8.5      0.000      0.000
sgpt14.log    1         -8.5      0.000      0.000
sgpt19.log    1         -8.5      0.000      0.000
sgpt25.log    1         -8.5      0.000      0.000
sgpt29.log    1         -8.5      0.000      0.000
sgpt38.log    1         -8.5      0.000      0.000
sgpt53.log    1         -8.5      0.000      0.000
sgpt5.log    1         -8.5      0.000      0.000
sgpt106.log    1         -8.4      0.000      0.000
sgpt108.log    1         -8.4      0.000      0.000
sgpt109.log    1         -8.4      0.000      0.000
sgpt118.log    1         -8.4      0.000      0.000
sgpt120.log    1         -8.4      0.000      0.000
sgpt39.log    1         -8.4      0.000      0.000
sgpt47.log    1         -8.4      0.000      0.000
sgpt59.log    1         -8.4      0.000      0.000
sgpt63.log    1         -8.4      0.000      0.000
sgpt79.log    1         -8.4      0.000      0.000
sgpt112.log    1         -8.3      0.000      0.000
sgpt11.log    1         -8.3      0.000      0.000
sgpt17.log    1         -8.3      0.000      0.000
sgpt22.log    1         -8.3      0.000      0.000
sgpt23.log    1         -8.3      0.000      0.000
sgpt26.log    1         -8.3      0.000      0.000
sgpt28.log    1         -8.3      0.000      0.000
sgpt45.log    1         -8.3      0.000      0.000
sgpt4.log    1         -8.3      0.000      0.000
sgpt55.log    1         -8.3      0.000      0.000
sgpt57.log    1         -8.3      0.000      0.000
sgpt65.log    1         -8.3      0.000      0.000
sgpt67.log    1         -8.3      0.000      0.000
sgpt70.log    1         -8.3      0.000      0.000
sgpt73.log    1         -8.3      0.000      0.000
sgpt74.log    1         -8.3      0.000      0.000
sgpt76.log    1         -8.3      0.000      0.000
sgpt77.log    1         -8.3      0.000      0.000
sgpt87.log    1         -8.3      0.000      0.000
sgpt8.log    1         -8.3      0.000      0.000
sgpt91.log    1         -8.3      0.000      0.000
sgpt113.log    1         -8.2      0.000      0.000
sgpt21.log    1         -8.2      0.000      0.000
sgpt27.log    1         -8.2      0.000      0.000
sgpt2.log    1         -8.2      0.000      0.000
sgpt41.log    1         -8.2      0.000      0.000
sgpt89.log    1         -8.2      0.000      0.000
sgpt48.log    1         -8.1      0.000      0.000
sgpt62.log    1         -8.1      0.000      0.000
sgpt6.log    1         -8.1      0.000      0.000
sgpt88.log    1         -8.1      0.000      0.000
sgpt92.log    1         -8.1      0.000      0.000
sgpt20.log    1         -8.0      0.000      0.000
sgpt34.log    1         -8.0      0.000      0.000
sgpt36.log    1         -8.0      0.000      0.000
sgpt61.log    1         -8.0      0.000      0.000
sgpt66.log    1         -8.0      0.000      0.000
sgpt68.log    1         -8.0      0.000      0.000
sgpt78.log    1         -8.0      0.000      0.000
sgpt124.log    1         -7.9      0.000      0.000
sgpt3.log    1         -7.9      0.000      0.000
sgpt50.log    1         -7.9      0.000      0.000
sgpt69.log    1         -7.9      0.000      0.000
sgpt72.log    1         -7.9      0.000      0.000
sgpt75.log    1         -7.9      0.000      0.000
sgpt81.log    1         -7.9      0.000      0.000
sgpt37.log    1         -7.8      0.000      0.000
sgpt82.log    1         -7.8      0.000      0.000
sgpt58.log    1         -7.7      0.000      0.000
sgpt71.log    1         -7.7      0.000      0.000
sgpt9.log    1         -7.7      0.000      0.000
sgpt80.log    1         -7.6      0.000      0.000
